ENU:
  ax_bias: -0.18711623449728326
  ax_scale: -1.001487708145167
  ay_bias: 0.1503266568132225
  ay_scale: -1.002764731687566
  az_bias: 0.00217919027239923
  az_scale: -1.0016419435002204
  gx_bias: -2.789615403999986e-05
  gx_scale: 1.0
  gy_bias: 0.0001665624692999992
  gy_scale: 1.0
  gz_bias: 1.852956283333331e-05
  gz_scale: 1.0
  mx_bias: 1.8813068420675931
  mx_scale: 1.0
  my_bias: -0.7495920701399517
  my_scale: 1.0
  mz_bias: 4.476048404696665
  mz_scale: 1.0
NED:
  ax_bias: 0.04956221553022507
  ax_scale: 1.0188794387095537
  ay_bias: -0.1771815769400971
  ay_scale: 1.0015012002225971
  az_bias: 0.5735421751696234
  az_scale: 0.9978810880709397
  gx_bias: 0.00048747007235000055
  gx_scale: 1.0
  gy_bias: 0.00021624614215
  gy_scale: 1.0
  gz_bias: -5.1312652649999866e-05
  gz_scale: 1.0
  mx_bias: 3.4869406465944874
  mx_scale: 1.0
  my_bias: -0.6356890127405588
  my_scale: 1.0
  mz_bias: 0.9449886569672614
  mz_scale: 1.0
