ENU:
  ax_bias: 0.1127339055176896
  ax_scale: 0.9997389532460516
  ay_bias: 0.1852558511259399
  ay_scale: 0.9987411957138301
  az_bias: -0.4206306543674225
  az_scale: 0.9884699225766396
  gx_bias: 0.03480485228624557
  gx_scale: 1.0
  gy_bias: 0.013018862988852355
  gy_scale: 1.0
  gz_bias: -0.0038602520000698567
  gz_scale: 1.0
  mx_bias: 52.89117484195967
  mx_scale: 1.0
  my_bias: 18.34191376811237
  my_scale: 1.0
  mz_bias: 12.697493111050717
  mz_scale: 1.0
NED:
  ax_bias: -0.1595154301594543
  ax_scale: 0.102398108658835
  ay_bias: -0.11162281264481164
  ay_scale: 0.10249029077408886
  az_bias: 0.3991960843909665
  az_scale: 0.1021456009129119
  gx_bias: 7.223235385173568e-07
  gx_scale: 1.0
  gy_bias: 3.369066102258428e-06
  gy_scale: 1.0
  gz_bias: 1.2100918320549018e-06
  gz_scale: 1.0
  mx_bias: 1.9517260607972378
  mx_scale: 1.0
  my_bias: 0.8843351933305721
  my_scale: 1.0
  mz_bias: 2.2220147328243085
  mz_scale: 1.0
